$ANSIBLE_VAULT;1.1;AES256
66373662633034376633393565383138663761663637333765323036646136643938663363393863
3332663763393163393763653062306365363961633634320a373762373864646338346133303937
35303861386439613333663037363863636635633239313363333861663130323963306137346330
6331633932303331300a623331616133663532343932646237393963643032663137373761393831
62643839653639313462643261383335643466363065343631643362656464653463306335303935
65373837363639366230666464613038643635663837336161396331663964386231656362373332
38616538623733326537306238346364313265306464363136353539633833616135633632326234
61663765373361313063343735353838643138323637306530396265336437653530363230616166
64323935626166353438323633656333333361303830613464353664666362623064306233646337
62303639383237373766306331356235373532313535363664353364663265353732633662363738
346531346266626439376237636631356431
